164,158,vfappGJqxJbDA0e6Vn6C3nMfZBk=,W9iG9VXFvqPlIbL2CYU09iUFJf8=
163,158,vfappGJqxJbDA0e6Vn6C3nMfZBk=,W9iG9VXFvqPlIbL2CYU09iUFJf8=
167,154,vfappGJqxJbDA0e6Vn6C3nMfZBk=,W9iG9VXFvqPlIbL2CYU09iUFJf8=
167,153,vfappGJqxJbDA0e6Vn6C3nMfZBk=,W9iG9VXFvqPlIbL2CYU09iUFJf8=
166,154,vfappGJqxJbDA0e6Vn6C3nMfZBk=,W9iG9VXFvqPlIbL2CYU09iUFJf8=
167,152,vfappGJqxJbDA0e6Vn6C3nMfZBk=,W9iG9VXFvqPlIbL2CYU09iUFJf8=
165,152,vfappGJqxJbDA0e6Vn6C3nMfZBk=,W9iG9VXFvqPlIbL2CYU09iUFJf8=
163,152,vfappGJqxJbDA0e6Vn6C3nMfZBk=,W9iG9VXFvqPlIbL2CYU09iUFJf8=
166,153,vfappGJqxJbDA0e6Vn6C3nMfZBk=,W9iG9VXFvqPlIbL2CYU09iUFJf8=
163,157,vfappGJqxJbDA0e6Vn6C3nMfZBk=,W9iG9VXFvqPlIbL2CYU09iUFJf8=
161,156,vfappGJqxJbDA0e6Vn6C3nMfZBk=,W9iG9VXFvqPlIbL2CYU09iUFJf8=
162,157,vfappGJqxJbDA0e6Vn6C3nMfZBk=,W9iG9VXFvqPlIbL2CYU09iUFJf8=
165,153,vfappGJqxJbDA0e6Vn6C3nMfZBk=,W9iG9VXFvqPlIbL2CYU09iUFJf8=
164,153,vfappGJqxJbDA0e6Vn6C3nMfZBk=,W9iG9VXFvqPlIbL2CYU09iUFJf8=
165,154,vfappGJqxJbDA0e6Vn6C3nMfZBk=,W9iG9VXFvqPlIbL2CYU09iUFJf8=
163,153,vfappGJqxJbDA0e6Vn6C3nMfZBk=,W9iG9VXFvqPlIbL2CYU09iUFJf8=
164,152,vfappGJqxJbDA0e6Vn6C3nMfZBk=,W9iG9VXFvqPlIbL2CYU09iUFJf8=
161,152,vfappGJqxJbDA0e6Vn6C3nMfZBk=,W9iG9VXFvqPlIbL2CYU09iUFJf8=
161,157,vfappGJqxJbDA0e6Vn6C3nMfZBk=,W9iG9VXFvqPlIbL2CYU09iUFJf8=
164,154,vfappGJqxJbDA0e6Vn6C3nMfZBk=,W9iG9VXFvqPlIbL2CYU09iUFJf8=
162,153,vfappGJqxJbDA0e6Vn6C3nMfZBk=,W9iG9VXFvqPlIbL2CYU09iUFJf8=
167,156,vfappGJqxJbDA0e6Vn6C3nMfZBk=,W9iG9VXFvqPlIbL2CYU09iUFJf8=
167,155,vfappGJqxJbDA0e6Vn6C3nMfZBk=,W9iG9VXFvqPlIbL2CYU09iUFJf8=
161,153,vfappGJqxJbDA0e6Vn6C3nMfZBk=,W9iG9VXFvqPlIbL2CYU09iUFJf8=
163,154,vfappGJqxJbDA0e6Vn6C3nMfZBk=,W9iG9VXFvqPlIbL2CYU09iUFJf8=
166,156,vfappGJqxJbDA0e6Vn6C3nMfZBk=,W9iG9VXFvqPlIbL2CYU09iUFJf8=
162,154,vfappGJqxJbDA0e6Vn6C3nMfZBk=,W9iG9VXFvqPlIbL2CYU09iUFJf8=
165,156,vfappGJqxJbDA0e6Vn6C3nMfZBk=,W9iG9VXFvqPlIbL2CYU09iUFJf8=
167,157,vfappGJqxJbDA0e6Vn6C3nMfZBk=,W9iG9VXFvqPlIbL2CYU09iUFJf8=
166,157,vfappGJqxJbDA0e6Vn6C3nMfZBk=,W9iG9VXFvqPlIbL2CYU09iUFJf8=
161,154,vfappGJqxJbDA0e6Vn6C3nMfZBk=,W9iG9VXFvqPlIbL2CYU09iUFJf8=
165,157,vfappGJqxJbDA0e6Vn6C3nMfZBk=,W9iG9VXFvqPlIbL2CYU09iUFJf8=
163,156,vfappGJqxJbDA0e6Vn6C3nMfZBk=,W9iG9VXFvqPlIbL2CYU09iUFJf8=
164,156,vfappGJqxJbDA0e6Vn6C3nMfZBk=,W9iG9VXFvqPlIbL2CYU09iUFJf8=
164,157,vfappGJqxJbDA0e6Vn6C3nMfZBk=,W9iG9VXFvqPlIbL2CYU09iUFJf8=
166,152,vfappGJqxJbDA0e6Vn6C3nMfZBk=,W9iG9VXFvqPlIbL2CYU09iUFJf8=
162,152,vfappGJqxJbDA0e6Vn6C3nMfZBk=,W9iG9VXFvqPlIbL2CYU09iUFJf8=
166,155,vfappGJqxJbDA0e6Vn6C3nMfZBk=,W9iG9VXFvqPlIbL2CYU09iUFJf8=
165,155,vfappGJqxJbDA0e6Vn6C3nMfZBk=,W9iG9VXFvqPlIbL2CYU09iUFJf8=
167,159,vfappGJqxJbDA0e6Vn6C3nMfZBk=,W9iG9VXFvqPlIbL2CYU09iUFJf8=
166,159,vfappGJqxJbDA0e6Vn6C3nMfZBk=,W9iG9VXFvqPlIbL2CYU09iUFJf8=
165,159,vfappGJqxJbDA0e6Vn6C3nMfZBk=,W9iG9VXFvqPlIbL2CYU09iUFJf8=
163,155,vfappGJqxJbDA0e6Vn6C3nMfZBk=,W9iG9VXFvqPlIbL2CYU09iUFJf8=
164,159,vfappGJqxJbDA0e6Vn6C3nMfZBk=,W9iG9VXFvqPlIbL2CYU09iUFJf8=
163,159,vfappGJqxJbDA0e6Vn6C3nMfZBk=,W9iG9VXFvqPlIbL2CYU09iUFJf8=
162,155,vfappGJqxJbDA0e6Vn6C3nMfZBk=,W9iG9VXFvqPlIbL2CYU09iUFJf8=
161,155,vfappGJqxJbDA0e6Vn6C3nMfZBk=,W9iG9VXFvqPlIbL2CYU09iUFJf8=
164,155,vfappGJqxJbDA0e6Vn6C3nMfZBk=,W9iG9VXFvqPlIbL2CYU09iUFJf8=
162,156,vfappGJqxJbDA0e6Vn6C3nMfZBk=,W9iG9VXFvqPlIbL2CYU09iUFJf8=
166,158,vfappGJqxJbDA0e6Vn6C3nMfZBk=,W9iG9VXFvqPlIbL2CYU09iUFJf8=
165,158,vfappGJqxJbDA0e6Vn6C3nMfZBk=,W9iG9VXFvqPlIbL2CYU09iUFJf8=
160,159,vfappGJqxJbDA0e6Vn6C3nMfZBk=,W9iG9VXFvqPlIbL2CYU09iUFJf8=
167,158,vfappGJqxJbDA0e6Vn6C3nMfZBk=,W9iG9VXFvqPlIbL2CYU09iUFJf8=
160,152,vfappGJqxJbDA0e6Vn6C3nMfZBk=,W9iG9VXFvqPlIbL2CYU09iUFJf8=
160,153,vfappGJqxJbDA0e6Vn6C3nMfZBk=,W9iG9VXFvqPlIbL2CYU09iUFJf8=
160,158,vfappGJqxJbDA0e6Vn6C3nMfZBk=,W9iG9VXFvqPlIbL2CYU09iUFJf8=
162,159,vfappGJqxJbDA0e6Vn6C3nMfZBk=,W9iG9VXFvqPlIbL2CYU09iUFJf8=
160,155,vfappGJqxJbDA0e6Vn6C3nMfZBk=,W9iG9VXFvqPlIbL2CYU09iUFJf8=
161,158,vfappGJqxJbDA0e6Vn6C3nMfZBk=,W9iG9VXFvqPlIbL2CYU09iUFJf8=
162,158,vfappGJqxJbDA0e6Vn6C3nMfZBk=,W9iG9VXFvqPlIbL2CYU09iUFJf8=
160,154,vfappGJqxJbDA0e6Vn6C3nMfZBk=,W9iG9VXFvqPlIbL2CYU09iUFJf8=
160,156,vfappGJqxJbDA0e6Vn6C3nMfZBk=,W9iG9VXFvqPlIbL2CYU09iUFJf8=
160,157,vfappGJqxJbDA0e6Vn6C3nMfZBk=,W9iG9VXFvqPlIbL2CYU09iUFJf8=
161,159,vfappGJqxJbDA0e6Vn6C3nMfZBk=,W9iG9VXFvqPlIbL2CYU09iUFJf8=
